     count_list      y_history   x[0]_history   x[1]_history  dx[0]_history  dx[1]_history
              0    5.00000e-01    1.50000e+00    1.00000e+00    0.00000e+00    0.00000e+00
              1    5.00000e-01    1.50000e+00    1.00000e+00   -1.00000e-03   -1.00000e-03
              2    4.98002e-01    1.49900e+00    9.99000e-01   -1.89800e-03   -1.89800e-03
              3    4.94221e-01    1.49710e+00    9.97102e-01   -2.70240e-03   -2.70240e-03
              4    4.88862e-01    1.49440e+00    9.94400e-01   -3.42096e-03   -3.42096e-03
              5    4.82120e-01    1.49098e+00    9.90979e-01   -4.06082e-03   -4.06082e-03
              6    4.74178e-01    1.48692e+00    9.86918e-01   -4.62858e-03   -4.62858e-03
              7    4.65206e-01    1.48229e+00    9.82289e-01   -5.13030e-03   -5.13030e-03
              8    4.55361e-01    1.47716e+00    9.77159e-01   -5.57159e-03   -5.57159e-03
              9    4.44789e-01    1.47159e+00    9.71587e-01   -5.95760e-03   -5.95760e-03
             10    4.33622e-01    1.46563e+00    9.65630e-01   -6.29310e-03   -6.29310e-03
             11    4.21980e-01    1.45934e+00    9.59337e-01   -6.58246e-03   -6.58246e-03
             12    4.09973e-01    1.45275e+00    9.52754e-01   -6.82973e-03   -6.82973e-03
             13    3.97697e-01    1.44592e+00    9.45924e-01   -7.03860e-03   -7.03860e-03
             14    3.85242e-01    1.43889e+00    9.38886e-01   -7.21251e-03   -7.21251e-03
             15    3.72684e-01    1.43167e+00    9.31673e-01   -7.35461e-03   -7.35461e-03
             16    3.60093e-01    1.42432e+00    9.24319e-01   -7.46779e-03   -7.46779e-03
             17    3.47529e-01    1.41685e+00    9.16851e-01   -7.55471e-03   -7.55471e-03
             18    3.35047e-01    1.40930e+00    9.09296e-01   -7.61783e-03   -7.61783e-03
             19    3.22691e-01    1.40168e+00    9.01678e-01   -7.65940e-03   -7.65940e-03
             20    3.10502e-01    1.39402e+00    8.94019e-01   -7.68150e-03   -7.68150e-03
             21    2.98513e-01    1.38634e+00    8.86337e-01   -7.68603e-03   -7.68603e-03
             22    2.86754e-01    1.37865e+00    8.78651e-01   -7.67473e-03   -7.67473e-03
             23    2.75247e-01    1.37098e+00    8.70977e-01   -7.64921e-03   -7.64921e-03
             24    2.64014e-01    1.36333e+00    8.63328e-01   -7.61094e-03   -7.61094e-03
             25    2.53069e-01    1.35572e+00    8.55717e-01   -7.56128e-03   -7.56128e-03
             26    2.42424e-01    1.34816e+00    8.48155e-01   -7.50146e-03   -7.50146e-03
             27    2.32090e-01    1.34065e+00    8.40654e-01   -7.43262e-03   -7.43262e-03
             28    2.22073e-01    1.33322e+00    8.33221e-01   -7.35580e-03   -7.35580e-03
             29    2.12377e-01    1.32587e+00    8.25865e-01   -7.27196e-03   -7.27196e-03
             30    2.03004e-01    1.31859e+00    8.18593e-01   -7.18195e-03   -7.18195e-03
             31    1.93954e-01    1.31141e+00    8.11412e-01   -7.08658e-03   -7.08658e-03
             32    1.85227e-01    1.30432e+00    8.04325e-01   -6.98657e-03   -6.98657e-03
             33    1.76820e-01    1.29734e+00    7.97338e-01   -6.88259e-03   -6.88259e-03
             34    1.68729e-01    1.29046e+00    7.90456e-01   -6.77524e-03   -6.77524e-03
             35    1.60949e-01    1.28368e+00    7.83681e-01   -6.66508e-03   -6.66508e-03
             36    1.53475e-01    1.27702e+00    7.77015e-01   -6.55260e-03   -6.55260e-03
             37    1.46300e-01    1.27046e+00    7.70463e-01   -6.43827e-03   -6.43827e-03
             38    1.39418e-01    1.26402e+00    7.64025e-01   -6.32249e-03   -6.32249e-03
             39    1.32821e-01    1.25770e+00    7.57702e-01   -6.20564e-03   -6.20564e-03
             40    1.26501e-01    1.25150e+00    7.51496e-01   -6.08807e-03   -6.08807e-03
             41    1.20451e-01    1.24541e+00    7.45408e-01   -5.97008e-03   -5.97008e-03
             42    1.14661e-01    1.23944e+00    7.39438e-01   -5.85195e-03   -5.85195e-03
             43    1.09125e-01    1.23359e+00    7.33586e-01   -5.73393e-03   -5.73393e-03
             44    1.03833e-01    1.22785e+00    7.27852e-01   -5.61624e-03   -5.61624e-03
             45    9.87779e-02    1.22224e+00    7.22236e-01   -5.49909e-03   -5.49909e-03
             46    9.39499e-02    1.21674e+00    7.16737e-01   -5.38265e-03   -5.38265e-03
             47    8.93414e-02    1.21135e+00    7.11354e-01   -5.26710e-03   -5.26710e-03
             48    8.49440e-02    1.20609e+00    7.06087e-01   -5.15256e-03   -5.15256e-03
             49    8.07496e-02    1.20093e+00    7.00935e-01   -5.03918e-03   -5.03918e-03
             50    7.67502e-02    1.19590e+00    6.95896e-01   -4.92705e-03   -4.92705e-03
             51    7.29380e-02    1.19097e+00    6.90969e-01   -4.81628e-03   -4.81628e-03
             52    6.93053e-02    1.18615e+00    6.86152e-01   -4.70696e-03   -4.70696e-03
             53    6.58448e-02    1.18145e+00    6.81445e-01   -4.59915e-03   -4.59915e-03
             54    6.25491e-02    1.17685e+00    6.76846e-01   -4.49293e-03   -4.49293e-03
             55    5.94113e-02    1.17235e+00    6.72353e-01   -4.38834e-03   -4.38834e-03
             56    5.64244e-02    1.16796e+00    6.67965e-01   -4.28544e-03   -4.28544e-03
             57    5.35819e-02    1.16368e+00    6.63679e-01   -4.18425e-03   -4.18425e-03
             58    5.08774e-02    1.15950e+00    6.59495e-01   -4.08482e-03   -4.08482e-03
             59    4.83048e-02    1.15541e+00    6.55410e-01   -3.98716e-03   -3.98716e-03
             60    4.58580e-02    1.15142e+00    6.51423e-01   -3.89129e-03   -3.89129e-03
             61    4.35313e-02    1.14753e+00    6.47532e-01   -3.79722e-03   -3.79722e-03
             62    4.13193e-02    1.14373e+00    6.43735e-01   -3.70497e-03   -3.70497e-03
             63    3.92167e-02    1.14003e+00    6.40030e-01   -3.61453e-03   -3.61453e-03
             64    3.72182e-02    1.13642e+00    6.36415e-01   -3.52591e-03   -3.52591e-03
             65    3.53191e-02    1.13289e+00    6.32889e-01   -3.43910e-03   -3.43910e-03
             66    3.35147e-02    1.12945e+00    6.29450e-01   -3.35409e-03   -3.35409e-03
             67    3.18005e-02    1.12610e+00    6.26096e-01   -3.27087e-03   -3.27087e-03
             68    3.01721e-02    1.12283e+00    6.22825e-01   -3.18944e-03   -3.18944e-03
             69    2.86255e-02    1.11964e+00    6.19636e-01   -3.10976e-03   -3.10976e-03
             70    2.71566e-02    1.11653e+00    6.16526e-01   -3.03184e-03   -3.03184e-03
             71    2.57619e-02    1.11349e+00    6.13494e-01   -2.95564e-03   -2.95564e-03
             72    2.44375e-02    1.11054e+00    6.10539e-01   -2.88116e-03   -2.88116e-03
             73    2.31802e-02    1.10766e+00    6.07657e-01   -2.80836e-03   -2.80836e-03
             74    2.19866e-02    1.10485e+00    6.04849e-01   -2.73722e-03   -2.73722e-03
             75    2.08537e-02    1.10211e+00    6.02112e-01   -2.66772e-03   -2.66772e-03
             76    1.97783e-02    1.09944e+00    5.99444e-01   -2.59984e-03   -2.59984e-03
             77    1.87576e-02    1.09684e+00    5.96844e-01   -2.53354e-03   -2.53354e-03
             78    1.77890e-02    1.09431e+00    5.94311e-01   -2.46881e-03   -2.46881e-03
             79    1.68699e-02    1.09184e+00    5.91842e-01   -2.40561e-03   -2.40561e-03
             80    1.59977e-02    1.08944e+00    5.89436e-01   -2.34392e-03   -2.34392e-03
             81    1.51702e-02    1.08709e+00    5.87092e-01   -2.28372e-03   -2.28372e-03
             82    1.43850e-02    1.08481e+00    5.84809e-01   -2.22496e-03   -2.22496e-03
             83    1.36401e-02    1.08258e+00    5.82584e-01   -2.16763e-03   -2.16763e-03
             84    1.29335e-02    1.08042e+00    5.80416e-01   -2.11170e-03   -2.11170e-03
             85    1.22632e-02    1.07830e+00    5.78304e-01   -2.05714e-03   -2.05714e-03
             86    1.16273e-02    1.07625e+00    5.76247e-01   -2.00392e-03   -2.00392e-03
             87    1.10241e-02    1.07424e+00    5.74243e-01   -1.95202e-03   -1.95202e-03
             88    1.04521e-02    1.07229e+00    5.72291e-01   -1.90140e-03   -1.90140e-03
             89    9.90948e-03    1.07039e+00    5.70390e-01   -1.85204e-03   -1.85204e-03
             90    9.39488e-03    1.06854e+00    5.68538e-01   -1.80391e-03   -1.80391e-03
             91    8.90685e-03    1.06673e+00    5.66734e-01   -1.75699e-03   -1.75699e-03
             92    8.44402e-03    1.06498e+00    5.64977e-01   -1.71124e-03   -1.71124e-03
             93    8.00511e-03    1.06327e+00    5.63266e-01   -1.66665e-03   -1.66665e-03
             94    7.58890e-03    1.06160e+00    5.61599e-01   -1.62318e-03   -1.62318e-03
             95    7.19422e-03    1.05998e+00    5.59976e-01   -1.58082e-03   -1.58082e-03
             96    6.81997e-03    1.05840e+00    5.58395e-01   -1.53952e-03   -1.53952e-03
             97    6.46511e-03    1.05686e+00    5.56856e-01   -1.49928e-03   -1.49928e-03
             98    6.12864e-03    1.05536e+00    5.55356e-01   -1.46007e-03   -1.46007e-03
             99    5.80961e-03    1.05390e+00    5.53896e-01   -1.42185e-03   -1.42185e-03
            100    5.50712e-03    1.05247e+00    5.52474e-01   -1.38462e-03   -1.38462e-03
            101    5.22033e-03    1.05109e+00    5.51090e-01   -1.34833e-03   -1.34833e-03
            102    4.94842e-03    1.04974e+00    5.49741e-01   -1.31298e-03   -1.31298e-03
            103    4.69063e-03    1.04843e+00    5.48428e-01   -1.27854e-03   -1.27854e-03
            104    4.44622e-03    1.04715e+00    5.47150e-01   -1.24499e-03   -1.24499e-03
            105    4.21452e-03    1.04590e+00    5.45905e-01   -1.21230e-03   -1.21230e-03
            106    3.99486e-03    1.04469e+00    5.44693e-01   -1.18045e-03   -1.18045e-03
            107    3.78661e-03    1.04351e+00    5.43512e-01   -1.14943e-03   -1.14943e-03
            108    3.58920e-03    1.04236e+00    5.42363e-01   -1.11922e-03   -1.11922e-03
            109    3.40205e-03    1.04124e+00    5.41244e-01   -1.08978e-03   -1.08978e-03
            110    3.22464e-03    1.04015e+00    5.40154e-01   -1.06111e-03   -1.06111e-03
            111    3.05646e-03    1.03909e+00    5.39093e-01   -1.03318e-03   -1.03318e-03
            112    2.89704e-03    1.03806e+00    5.38059e-01   -1.00598e-03   -1.00598e-03
            113    2.74592e-03    1.03705e+00    5.37053e-01   -9.79493e-04   -9.79493e-04
            114    2.60266e-03    1.03607e+00    5.36074e-01   -9.53692e-04   -9.53692e-04
            115    2.46687e-03    1.03512e+00    5.35120e-01   -9.28563e-04   -9.28563e-04
            116    2.33814e-03    1.03419e+00    5.34192e-01   -9.04090e-04   -9.04090e-04
            117    2.21613e-03    1.03329e+00    5.33288e-01   -8.80256e-04   -8.80256e-04
            118    2.10047e-03    1.03241e+00    5.32407e-01   -8.57045e-04   -8.57045e-04
            119    1.99084e-03    1.03155e+00    5.31550e-01   -8.34441e-04   -8.34441e-04
            120    1.88693e-03    1.03072e+00    5.30716e-01   -8.12429e-04   -8.12429e-04
            121    1.78843e-03    1.02990e+00    5.29903e-01   -7.90993e-04   -7.90993e-04
            122    1.69507e-03    1.02911e+00    5.29112e-01   -7.70119e-04   -7.70119e-04
            123    1.60657e-03    1.02834e+00    5.28342e-01   -7.49791e-04   -7.49791e-04
            124    1.52270e-03    1.02759e+00    5.27593e-01   -7.29997e-04   -7.29997e-04
            125    1.44319e-03    1.02686e+00    5.26863e-01   -7.10723e-04   -7.10723e-04
            126    1.36783e-03    1.02615e+00    5.26152e-01   -6.91954e-04   -6.91954e-04
            127    1.29641e-03    1.02546e+00    5.25460e-01   -6.73678e-04   -6.73678e-04
            128    1.22871e-03    1.02479e+00    5.24786e-01   -6.55883e-04   -6.55883e-04
            129    1.16454e-03    1.02413e+00    5.24130e-01   -6.38555e-04   -6.38555e-04
            130    1.10372e-03    1.02349e+00    5.23492e-01   -6.21683e-04   -6.21683e-04
            131    1.04608e-03    1.02287e+00    5.22870e-01   -6.05255e-04   -6.05255e-04
            132    9.91443e-04    1.02226e+00    5.22265e-01   -5.89259e-04   -5.89259e-04
            133    9.39658e-04    1.02168e+00    5.21676e-01   -5.73684e-04   -5.73684e-04
            134    8.90577e-04    1.02110e+00    5.21102e-01   -5.58520e-04   -5.58520e-04
            135    8.44058e-04    1.02054e+00    5.20543e-01   -5.43754e-04   -5.43754e-04
            136    7.99967e-04    1.02000e+00    5.20000e-01   -5.29378e-04   -5.29378e-04
            137    7.58178e-04    1.01947e+00    5.19470e-01   -5.15381e-04   -5.15381e-04
            138    7.18571e-04    1.01895e+00    5.18955e-01   -5.01752e-04   -5.01752e-04
            139    6.81032e-04    1.01845e+00    5.18453e-01   -4.88483e-04   -4.88483e-04
            140    6.45453e-04    1.01796e+00    5.17965e-01   -4.75564e-04   -4.75564e-04
            141    6.11732e-04    1.01749e+00    5.17489e-01   -4.62986e-04   -4.62986e-04
            142    5.79772e-04    1.01703e+00    5.17026e-01   -4.50739e-04   -4.50739e-04
            143    5.49481e-04    1.01658e+00    5.16575e-01   -4.38816e-04   -4.38816e-04
            144    5.20772e-04    1.01614e+00    5.16136e-01   -4.27207e-04   -4.27207e-04
            145    4.93563e-04    1.01571e+00    5.15709e-01   -4.15905e-04   -4.15905e-04
            146    4.67775e-04    1.01529e+00    5.15293e-01   -4.04901e-04   -4.04901e-04
            147    4.43333e-04    1.01489e+00    5.14888e-01   -3.94188e-04   -3.94188e-04
            148    4.20169e-04    1.01449e+00    5.14494e-01   -3.83758e-04   -3.83758e-04
            149    3.98214e-04    1.01411e+00    5.14111e-01   -3.73603e-04   -3.73603e-04
            150    3.77406e-04    1.01374e+00    5.13737e-01   -3.63717e-04   -3.63717e-04
            151    3.57685e-04    1.01337e+00    5.13373e-01   -3.54091e-04   -3.54091e-04
            152    3.38995e-04    1.01302e+00    5.13019e-01   -3.44721e-04   -3.44721e-04
            153    3.21281e-04    1.01267e+00    5.12674e-01   -3.35597e-04   -3.35597e-04
            154    3.04492e-04    1.01234e+00    5.12339e-01   -3.26715e-04   -3.26715e-04
            155    2.88580e-04    1.01201e+00    5.12012e-01   -3.18068e-04   -3.18068e-04
            156    2.73500e-04    1.01169e+00    5.11694e-01   -3.09649e-04   -3.09649e-04
            157    2.59208e-04    1.01138e+00    5.11384e-01   -3.01453e-04   -3.01453e-04
            158    2.45662e-04    1.01108e+00    5.11083e-01   -2.93473e-04   -2.93473e-04
            159    2.32824e-04    1.01079e+00    5.10789e-01   -2.85705e-04   -2.85705e-04
            160    2.20657e-04    1.01050e+00    5.10504e-01   -2.78142e-04   -2.78142e-04
            161    2.09126e-04    1.01023e+00    5.10226e-01   -2.70779e-04   -2.70779e-04
            162    1.98197e-04    1.00995e+00    5.09955e-01   -2.63611e-04   -2.63611e-04
            163    1.87839e-04    1.00969e+00    5.09691e-01   -2.56632e-04   -2.56632e-04
            164    1.78022e-04    1.00943e+00    5.09435e-01   -2.49838e-04   -2.49838e-04
            165    1.68719e-04    1.00918e+00    5.09185e-01   -2.43224e-04   -2.43224e-04
            166    1.59901e-04    1.00894e+00    5.08942e-01   -2.36784e-04   -2.36784e-04
            167    1.51545e-04    1.00870e+00    5.08705e-01   -2.30515e-04   -2.30515e-04
            168    1.43624e-04    1.00847e+00    5.08474e-01   -2.24412e-04   -2.24412e-04
            169    1.36118e-04    1.00825e+00    5.08250e-01   -2.18471e-04   -2.18471e-04
            170    1.29004e-04    1.00803e+00    5.08031e-01   -2.12686e-04   -2.12686e-04
            171    1.22262e-04    1.00782e+00    5.07819e-01   -2.07055e-04   -2.07055e-04
            172    1.15873e-04    1.00761e+00    5.07612e-01   -2.01573e-04   -2.01573e-04
            173    1.09817e-04    1.00741e+00    5.07410e-01   -1.96235e-04   -1.96235e-04
            174    1.04077e-04    1.00721e+00    5.07214e-01   -1.91039e-04   -1.91039e-04
            175    9.86378e-05    1.00702e+00    5.07023e-01   -1.85981e-04   -1.85981e-04
            176    9.34825e-05    1.00684e+00    5.06837e-01   -1.81056e-04   -1.81056e-04
            177    8.85968e-05    1.00666e+00    5.06656e-01   -1.76262e-04   -1.76262e-04
            178    8.39663e-05    1.00648e+00    5.06479e-01   -1.71595e-04   -1.71595e-04
            179    7.95778e-05    1.00631e+00    5.06308e-01   -1.67051e-04   -1.67051e-04
            180    7.54187e-05    1.00614e+00    5.06141e-01   -1.62627e-04   -1.62627e-04
            181    7.14770e-05    1.00598e+00    5.05978e-01   -1.58321e-04   -1.58321e-04
            182    6.77412e-05    1.00582e+00    5.05820e-01   -1.54129e-04   -1.54129e-04
            183    6.42007e-05    1.00567e+00    5.05666e-01   -1.50047e-04   -1.50047e-04
            184    6.08452e-05    1.00552e+00    5.05516e-01   -1.46074e-04   -1.46074e-04
            185    5.76651e-05    1.00537e+00    5.05370e-01   -1.42206e-04   -1.42206e-04
            186    5.46512e-05    1.00523e+00    5.05227e-01   -1.38440e-04   -1.38440e-04
            187    5.17948e-05    1.00509e+00    5.05089e-01   -1.34774e-04   -1.34774e-04
            188    4.90877e-05    1.00495e+00    5.04954e-01   -1.31205e-04   -1.31205e-04
            189    4.65221e-05    1.00482e+00    5.04823e-01   -1.27730e-04   -1.27730e-04
            190    4.40906e-05    1.00470e+00    5.04695e-01   -1.24348e-04   -1.24348e-04
            191    4.17862e-05    1.00457e+00    5.04571e-01   -1.21055e-04   -1.21055e-04
            192    3.96022e-05    1.00445e+00    5.04450e-01   -1.17849e-04   -1.17849e-04
            193    3.75323e-05    1.00433e+00    5.04332e-01   -1.14728e-04   -1.14728e-04
            194    3.55706e-05    1.00422e+00    5.04217e-01   -1.11690e-04   -1.11690e-04
            195    3.37115e-05    1.00411e+00    5.04106e-01   -1.08732e-04   -1.08732e-04
            196    3.19495e-05    1.00400e+00    5.03997e-01   -1.05852e-04   -1.05852e-04
            197    3.02796e-05    1.00389e+00    5.03891e-01   -1.03049e-04   -1.03049e-04
            198    2.86970e-05    1.00379e+00    5.03788e-01   -1.00320e-04   -1.00320e-04
            199    2.71971e-05    1.00369e+00    5.03688e-01   -9.76633e-05   -9.76633e-05
            200    2.57756e-05    1.00359e+00    5.03590e-01   -9.50769e-05   -9.50769e-05
            201    2.44284e-05    1.00349e+00    5.03495e-01   -9.25590e-05   -9.25590e-05
            202    2.31516e-05    1.00340e+00    5.03402e-01   -9.01077e-05   -9.01077e-05
            203    2.19415e-05    1.00331e+00    5.03312e-01   -8.77214e-05   -8.77214e-05
            204    2.07947e-05    1.00322e+00    5.03224e-01   -8.53982e-05   -8.53982e-05
            205    1.97078e-05    1.00314e+00    5.03139e-01   -8.31366e-05   -8.31366e-05
            206    1.86777e-05    1.00306e+00    5.03056e-01   -8.09348e-05   -8.09348e-05
            207    1.77015e-05    1.00298e+00    5.02975e-01   -7.87914e-05   -7.87914e-05
            208    1.67763e-05    1.00290e+00    5.02896e-01   -7.67047e-05   -7.67047e-05
            209    1.58995e-05    1.00282e+00    5.02820e-01   -7.46733e-05   -7.46733e-05
            210    1.50684e-05    1.00274e+00    5.02745e-01   -7.26957e-05   -7.26957e-05
            211    1.42808e-05    1.00267e+00    5.02672e-01   -7.07704e-05   -7.07704e-05
            212    1.35344e-05    1.00260e+00    5.02601e-01   -6.88962e-05   -6.88962e-05
            213    1.28270e-05    1.00253e+00    5.02532e-01   -6.70715e-05   -6.70715e-05
            214    1.21566e-05    1.00247e+00    5.02465e-01   -6.52952e-05   -6.52952e-05
            215    1.15212e-05    1.00240e+00    5.02400e-01   -6.35659e-05   -6.35659e-05
            216    1.09190e-05    1.00234e+00    5.02337e-01   -6.18825e-05   -6.18825e-05
            217    1.03483e-05    1.00227e+00    5.02275e-01   -6.02436e-05   -6.02436e-05
            218    9.80741e-06    1.00221e+00    5.02214e-01   -5.86481e-05   -5.86481e-05
            219    9.29480e-06    1.00216e+00    5.02156e-01   -5.70948e-05   -5.70948e-05
            220    8.80899e-06    1.00210e+00    5.02099e-01   -5.55827e-05   -5.55827e-05
            221    8.34856e-06    1.00204e+00    5.02043e-01   -5.41107e-05   -5.41107e-05
            222    7.91220e-06    1.00199e+00    5.01989e-01   -5.26776e-05   -5.26776e-05
            223    7.49865e-06    1.00194e+00    5.01936e-01   -5.12825e-05   -5.12825e-05
            224    7.10672e-06    1.00189e+00    5.01885e-01   -4.99243e-05   -4.99243e-05
            225    6.73526e-06    1.00184e+00    5.01835e-01   -4.86021e-05   -4.86021e-05
            226    6.38323e-06    1.00179e+00    5.01787e-01   -4.73149e-05   -4.73149e-05
            227    6.04959e-06    1.00174e+00    5.01739e-01   -4.60618e-05   -4.60618e-05
            228    5.73339e-06    1.00169e+00    5.01693e-01   -4.48419e-05   -4.48419e-05
            229    5.43372e-06    1.00165e+00    5.01648e-01   -4.36543e-05   -4.36543e-05
            230    5.14971e-06    1.00160e+00    5.01605e-01   -4.24981e-05   -4.24981e-05
            231    4.88055e-06    1.00156e+00    5.01562e-01   -4.13726e-05   -4.13726e-05
            232    4.62545e-06    1.00152e+00    5.01521e-01   -4.02768e-05   -4.02768e-05
            233    4.38369e-06    1.00148e+00    5.01480e-01   -3.92101e-05   -3.92101e-05
            234    4.15457e-06    1.00144e+00    5.01441e-01   -3.81717e-05   -3.81717e-05
            235    3.93742e-06    1.00140e+00    5.01403e-01   -3.71607e-05   -3.71607e-05
            236    3.73162e-06    1.00137e+00    5.01366e-01   -3.61765e-05   -3.61765e-05
            237    3.53657e-06    1.00133e+00    5.01330e-01   -3.52184e-05   -3.52184e-05
            238    3.35172e-06    1.00129e+00    5.01295e-01   -3.42857e-05   -3.42857e-05
            239    3.17654e-06    1.00126e+00    5.01260e-01   -3.33777e-05   -3.33777e-05
            240    3.01051e-06    1.00123e+00    5.01227e-01   -3.24937e-05   -3.24937e-05
            241    2.85315e-06    1.00119e+00    5.01194e-01   -3.16331e-05   -3.16331e-05
            242    2.70403e-06    1.00116e+00    5.01163e-01   -3.07953e-05   -3.07953e-05
            243    2.56269e-06    1.00113e+00    5.01132e-01   -2.99797e-05   -2.99797e-05
            244    2.42875e-06    1.00110e+00    5.01102e-01   -2.91857e-05   -2.91857e-05
            245    2.30180e-06    1.00107e+00    5.01073e-01   -2.84127e-05   -2.84127e-05
            246    2.18149e-06    1.00104e+00    5.01044e-01   -2.76602e-05   -2.76602e-05
            247    2.06747e-06    1.00102e+00    5.01017e-01   -2.69277e-05   -2.69277e-05
            248    1.95941e-06    1.00099e+00    5.00990e-01   -2.62145e-05   -2.62145e-05
            249    1.85699e-06    1.00096e+00    5.00964e-01   -2.55202e-05   -2.55202e-05
            250    1.75993e-06    1.00094e+00    5.00938e-01   -2.48443e-05   -2.48443e-05
            251    1.66794e-06    1.00091e+00    5.00913e-01   -2.41863e-05   -2.41863e-05
            252    1.58076e-06    1.00089e+00    5.00889e-01   -2.35458e-05   -2.35458e-05
            253    1.49814e-06    1.00087e+00    5.00865e-01   -2.29222e-05   -2.29222e-05
            254    1.41984e-06    1.00084e+00    5.00843e-01   -2.23151e-05   -2.23151e-05
            255    1.34562e-06    1.00082e+00    5.00820e-01   -2.17241e-05   -2.17241e-05
            256    1.27529e-06    1.00080e+00    5.00799e-01   -2.11487e-05   -2.11487e-05
            257    1.20863e-06    1.00078e+00    5.00777e-01   -2.05886e-05   -2.05886e-05
            258    1.14546e-06    1.00076e+00    5.00757e-01   -2.00433e-05   -2.00433e-05
            259    1.08559e-06    1.00074e+00    5.00737e-01   -1.95125e-05   -1.95125e-05
            260    1.02885e-06    1.00072e+00    5.00717e-01   -1.89957e-05   -1.89957e-05
            261    9.75073e-07    1.00070e+00    5.00698e-01   -1.84926e-05   -1.84926e-05
            262    9.24108e-07    1.00068e+00    5.00680e-01   -1.80028e-05   -1.80028e-05
            263    8.75807e-07    1.00066e+00    5.00662e-01   -1.75260e-05   -1.75260e-05
            264    8.30030e-07    1.00064e+00    5.00644e-01   -1.70619e-05   -1.70619e-05
            265    7.86646e-07    1.00063e+00    5.00627e-01   -1.66100e-05   -1.66100e-05
            266    7.45530e-07    1.00061e+00    5.00611e-01   -1.61701e-05   -1.61701e-05
            267    7.06563e-07    1.00059e+00    5.00594e-01   -1.57418e-05   -1.57418e-05
            268    6.69632e-07    1.00058e+00    5.00579e-01   -1.53249e-05   -1.53249e-05
            269    6.34632e-07    1.00056e+00    5.00563e-01   -1.49190e-05   -1.49190e-05
            270    6.01461e-07    1.00055e+00    5.00548e-01   -1.45239e-05   -1.45239e-05
            271    5.70024e-07    1.00053e+00    5.00534e-01   -1.41392e-05   -1.41392e-05
            272    5.40230e-07    1.00052e+00    5.00520e-01   -1.37648e-05   -1.37648e-05
            273    5.11993e-07    1.00051e+00    5.00506e-01   -1.34002e-05   -1.34002e-05
            274    4.85232e-07    1.00049e+00    5.00493e-01   -1.30453e-05   -1.30453e-05
            275    4.59870e-07    1.00048e+00    5.00480e-01   -1.26998e-05   -1.26998e-05
            276    4.35834e-07    1.00047e+00    5.00467e-01   -1.23635e-05   -1.23635e-05
            277    4.13054e-07    1.00045e+00    5.00454e-01   -1.20360e-05   -1.20360e-05
            278    3.91464e-07    1.00044e+00    5.00442e-01   -1.17173e-05   -1.17173e-05
            279    3.71003e-07    1.00043e+00    5.00431e-01   -1.14069e-05   -1.14069e-05
            280    3.51612e-07    1.00042e+00    5.00419e-01   -1.11048e-05   -1.11048e-05
            281    3.33234e-07    1.00041e+00    5.00408e-01   -1.08107e-05   -1.08107e-05
            282    3.15816e-07    1.00040e+00    5.00397e-01   -1.05244e-05   -1.05244e-05
            283    2.99309e-07    1.00039e+00    5.00387e-01   -1.02457e-05   -1.02457e-05
            284    2.83665e-07    1.00038e+00    5.00377e-01   -9.97431e-06   -9.97431e-06
